enableDefaultInteractivity(gca);
    ginput(2);



bs 10~15

37.2408193540060   126.774203001908
37.2409662183463   126.774288884290
37.2411416114616   126.774379423219
37.2413175679714   126.774447952063
37.2414287211790   126.774475037308
37.2415462050740   126.774481801199



=============================
bs 16~21

37.2415998020203   126.774498339667
37.2417119512092   126.774533123614
37.2418668521103   126.774554395777
37.2419557642179   126.774565771240
37.2420298575608   126.774568873639
37.2421055973471   126.774567839506
=============================


bs 22~25

37.2419097016224   126.774537554718
37.2420591232138   126.774552549646
37.2421612357213   126.774566903754
37.2422074683821   126.774568004108


bs 26~31

37.2422633619317   126.774530243121
37.2422949420555   126.774499357126
37.2423277105477   126.774475674796
37.2423764806316   126.774462075293
37.2424987110970   126.774460790532
37.2426550875276   126.774457810168


bs 41~48

37.2427961817884   126.774060799020
37.2427920297056   126.774029979137
37.2427825931530   126.774001055862
37.2427663622797   126.773989439137
37.2427456175194   126.773988727909
37.2427260609195   126.774002858887
37.2427182725867   126.774030654742
37.2427172049616   126.774090333893


bs 49~52

37.2427164814040   126.774185016324
37.2427118790049   126.774238244477
37.2427019313958   126.774286604285
37.2426814586486   126.774326076848

=============================
bs 53~57

37.2423517551744   126.774370547891
37.2423078043838   126.774365429194
37.2421941602579   126.774366359927
37.2420814902514   126.774368615387
37.2420340432331   126.774386840540

=============================


bs 58~60

37.2419068511753   126.774392533223
37.2426109826420   126.774364250671
37.2425673696086   126.774370120462


bs 61~64

37.2424468843402   126.774374415579
37.2422875091466   126.774376267586
37.2420926704494   126.774383937017
37.2419458377155   126.774390859056


bs 67~72

37.2414650492259   126.774390106346
37.2413317292250   126.774365296286
37.2411705848031   126.774305446755
37.2410056169598   126.774216901281
37.2408647261267   126.774134502466
37.2406901923270   126.774029020906


bs 73~85

37.2405189333187   126.773939808762
37.2404176906571   126.773877875752
37.2403166892745   126.773811339683
37.2401584332227   126.773703852486
37.2400291782458   126.773624741315
37.2398697728738   126.773519081081
37.2396852755717   126.773402361028
37.2394793683074   126.773263206862
37.2392887495850   126.773139628968
37.2391420468448   126.773046761181
37.2389861285862   126.772945455952
37.2389139412694   126.772892806498
37.2388708617087   126.772856975619