enableDefaultInteractivity(gca);
    ginput(5);


ys 02~06

37.2390777554350   126.773063006402
37.2392083494601   126.773147753308
37.2393587105347   126.773242987294
37.2395017158483   126.773334389579
37.2396147377912   126.773412407386


ys 07~11

37.2397745868392   126.773513789264
37.2398666730383   126.773573133139
37.2399087808373   126.773599815904
37.2399384080838   126.773621524706
37.2399722998440   126.773647744428


ys 12~17

37.2400814689171	126.773707669482
37.2401120444389	126.773714307610
37.2401414875224	126.773708143634
37.2401720630199	126.773690125856
37.2401947115286	126.773655986909
37.2402362513357	126.773559874498


ys 18~20

37.2403065594735   126.773406320972
37.2403477041859   126.773311964715
37.2403576288948   126.773266573564


ys 22~26

37.2403217060376   126.773184706918
37.2402817770626   126.773156785329
37.2401459019578	126.773072245625
37.2400641512481	126.773025513291
37.2400344257215   126.773019670822


ys 27~39

37.2400026802390   126.773016005489
37.2399735728508   126.773020392943
37.2399456297476   126.773034286549
37.2399188509307   126.773060611276
37.2398926542527   126.773094614049
37.2398301740003   126.773235134890
37.2397774647088   126.773360853890
37.2397624500763   126.773388990355
37.2397423659157   126.773407637036
37.2397211174501   126.773410927627
37.2396998689785   126.773408002658
37.2396777472756   126.773395937158
37.2395374051239   126.773305194731